166,27,110,38,43,52,64,105,56,28,110,86,105,1,72,111,182,27,110,34,3,77,82,116,16,24,45,86,43,80,88,32,177
91,109,103,27,21,70,116,50,93,14,87,17,1,66,100,180,92,13,23,27,37,70,105,55,25,100
6,43,49,82,116,150,8,14,54,43,16,64,100,55,72,12,86,75,85,102,109,183,89,4,7,35,21,90,112,55,92,68,6,75,57,70,105,178
26,44,71,43,57,104,32,58,93,4,6,99,5,68,111,185,25,36,6,43,80,64,100,55,91,13,119,19,20,64,109,176
89,109,102,9,1,66,108,52,92,46,86,9,56,64,85,186,8,12,86,115,37,90,32,48,89,4,6,107,37,92,105,182,72,14
102,43,57,82,97,54,75,4,7,11,85,82,115,144,27,77,119,27,81,100,117,50,8,12,87,67,21,100
99,180,93,12,23,35,37,94,110,16,29,45,70,99,5,90,99,183,72,13,70,11,9,94,114,52,92,100,6,115,37
102,105,144,29,46,66,3,5,88,105,56,93,45,23,1,1,74,120,144,25,44,18,3,13,94,109,54,91,108,70,121,1,70,111,183,28,108,87,11
85,66,116,23,8,8,71,43,37,102,32,176,93,46,70,41,1,82,114,58,92,76,82,3,17,94,108,183,92,68,6,75,56,64,114
50,92,14,38,43,33,74,110,178,25,46,38,75,80,64,105,55,8,14,102,123,49,106,112,186,24,46,70,41
1,108,101,54,26,46,66,3,21,102,115,178,72,12,54,75,49,88,117,54,72,12,70,123,49,94,114,178,72,12,87,41
1,76,117,51,90,44,23,33,1,92,117,182,27,12,18,3,65,66,114,52,88,46,71,43,72,92,32,162,94,12,54,43
65,104,101,58,92,68,7,27,37,92,116,144,27,108,54,27,5,74,99,48,93,4,6,27,85,96,105,178,24,46,70,11,80
64,110,55,91,68,7,3,73,94,105,178,25,45,103,33,48,64,115,58,91,78,66,3,37,92,32,177,93,45
71,3,4,64,113,58,90,36,6,123,25,76,105,177,90,44,18,3,17,74,115,50,92,78,86,115,80,64,109,183
91,13,70,75,80,64,97,55,26,45,82,3,37,72,32,178,92,110,66,3,49,66,98,55,92,78,86,105,0,64,32

